# Interface data for t = 19.600000
# Method: dalziel
# Grid: 160×200
# ANALYSIS VALIDITY SUMMARY
# Overall Status: VALID
# Cells across mixing layer: 199.0
0.000000,0.020099 0.000080,0.020795
0.000080,0.020795 0.000160,0.021365
0.000160,0.021365 0.000240,0.021501
0.000240,0.021501 0.000321,0.021011
0.000321,0.021011 0.000401,0.021179
0.000401,0.021179 0.000481,0.022088
0.000481,0.022088 0.000561,0.022518
0.000561,0.022518 0.000641,0.022475
0.000641,0.022475 0.000721,0.022366
0.000721,0.022366 0.000802,0.021637
0.000802,0.021637 0.000882,0.021350
0.000882,0.021350 0.000962,0.021642
0.000962,0.021642 0.001042,0.021565
0.001042,0.021565 0.001122,0.021724
0.001122,0.021724 0.001202,0.021632
0.001202,0.021632 0.001283,0.020987
0.001283,0.020987 0.001363,0.020926
0.001363,0.020926 0.001443,0.020868
0.001443,0.020868 0.001523,0.021315
0.001523,0.021315 0.001603,0.022363
0.001603,0.022363 0.001683,0.022101
0.001683,0.022101 0.001764,0.021937
0.001764,0.021937 0.001844,0.021530
0.001844,0.021530 0.001924,0.022051
0.001924,0.022051 0.002004,0.022915
0.002004,0.022915 0.002084,0.023365
0.002084,0.023365 0.002164,0.023942
0.002164,0.023942 0.002244,0.023571
0.002244,0.023571 0.002325,0.023372
0.002325,0.023372 0.002405,0.023365
0.002405,0.023365 0.002485,0.024275
0.002485,0.024275 0.002565,0.024339
0.002565,0.024339 0.002645,0.024157
0.002645,0.024157 0.002725,0.024046
0.002725,0.024046 0.002806,0.022952
0.002806,0.022952 0.002886,0.022810
0.002886,0.022810 0.002966,0.022380
0.002966,0.022380 0.003046,0.022689
0.003046,0.022689 0.003126,0.022924
0.003126,0.022924 0.003206,0.022513
0.003206,0.022513 0.003287,0.021670
0.003287,0.021670 0.003367,0.021132
0.003367,0.021132 0.003447,0.021129
0.003447,0.021129 0.003527,0.021271
0.003527,0.021271 0.003607,0.021703
0.003607,0.021703 0.003687,0.021633
0.003687,0.021633 0.003768,0.021533
0.003768,0.021533 0.003848,0.021125
0.003848,0.021125 0.003928,0.020900
0.003928,0.020900 0.004008,0.021891
0.004008,0.021891 0.004088,0.022270
0.004088,0.022270 0.004168,0.022294
0.004168,0.022294 0.004248,0.022200
0.004248,0.022200 0.004329,0.021875
0.004329,0.021875 0.004409,0.021779
0.004409,0.021779 0.004489,0.021709
0.004489,0.021709 0.004569,0.022099
0.004569,0.022099 0.004649,0.022091
0.004649,0.022091 0.004729,0.021581
0.004729,0.021581 0.004810,0.020485
0.004810,0.020485 0.004890,0.020018
0.004890,0.020018 0.004970,0.019745
0.004970,0.019745 0.005050,0.019804
0.005050,0.019804 0.005130,0.020018
0.005130,0.020018 0.005210,0.019500
0.005210,0.019500 0.005291,0.018406
0.005291,0.018406 0.005371,0.018090
0.005371,0.018090 0.005451,0.017956
0.005451,0.017956 0.005531,0.018083
0.005531,0.018083 0.005611,0.018501
0.005611,0.018501 0.005691,0.018556
0.005691,0.018556 0.005772,0.017803
0.005772,0.017803 0.005852,0.017855
0.005852,0.017855 0.005932,0.017228
0.005932,0.017228 0.006012,0.018496
0.006012,0.018496 0.006092,0.018860
0.006092,0.018860 0.006172,0.018854
0.006172,0.018854 0.006253,0.018591
0.006253,0.018591 0.006333,0.017808
0.006333,0.017808 0.006413,0.018147
0.006413,0.018147 0.006493,0.018608
0.006493,0.018608 0.006573,0.019161
0.006573,0.019161 0.006653,0.018666
0.006653,0.018666 0.006733,0.018026
0.006733,0.018026 0.006814,0.017368
0.006814,0.017368 0.006894,0.017239
0.006894,0.017239 0.006974,0.017149
0.006974,0.017149 0.007054,0.017156
0.007054,0.017156 0.007134,0.017269
0.007134,0.017269 0.007214,0.016660
0.007214,0.016660 0.007295,0.016154
0.007295,0.016154 0.007375,0.015445
0.007375,0.015445 0.007455,0.015677
0.007455,0.015677 0.007535,0.016142
0.007535,0.016142 0.007615,0.016276
0.007615,0.016276 0.007695,0.016581
0.007695,0.016581 0.007776,0.016291
0.007776,0.016291 0.007856,0.016152
0.007856,0.016152 0.007936,0.016504
0.007936,0.016504 0.008016,0.017024
0.008016,0.017024 0.008096,0.017889
0.008096,0.017889 0.008176,0.018124
0.008176,0.018124 0.008257,0.017853
0.008257,0.017853 0.008337,0.017801
0.008337,0.017801 0.008417,0.018099
0.008417,0.018099 0.008497,0.018928
0.008497,0.018928 0.008577,0.019079
0.008577,0.019079 0.008657,0.019150
0.008657,0.019150 0.008737,0.018660
0.008737,0.018660 0.008818,0.017753
0.008818,0.017753 0.008898,0.017915
0.008898,0.017915 0.008978,0.018148
0.008978,0.018148 0.009058,0.018971
0.009058,0.018971 0.009138,0.018488
0.009138,0.018488 0.009218,0.018205
0.009218,0.018205 0.009299,0.017620
0.009299,0.017620 0.009379,0.017197
0.009379,0.017197 0.009459,0.017990
0.009459,0.017990 0.009539,0.018537
0.009539,0.018537 0.009619,0.019015
0.009619,0.019015 0.009699,0.018742
0.009699,0.018742 0.009780,0.019046
0.009780,0.019046 0.009860,0.018538
0.009860,0.018538 0.009940,0.019473
0.009940,0.019473 0.010020,0.020663
0.010020,0.020663 0.010100,0.020776
0.010100,0.020776 0.010180,0.021147
0.010180,0.021147 0.010261,0.021173
0.010261,0.021173 0.010341,0.020960
0.010341,0.020960 0.010421,0.021024
0.010421,0.021024 0.010501,0.021949
0.010501,0.021949 0.010581,0.022253
0.010581,0.022253 0.010661,0.022629
0.010661,0.022629 0.010741,0.021943
0.010741,0.021943 0.010822,0.021931
0.010822,0.021931 0.010902,0.021285
0.010902,0.021285 0.010982,0.021616
0.010982,0.021616 0.011062,0.022177
0.011062,0.022177 0.011142,0.021783
0.011142,0.021783 0.011222,0.021656
0.011222,0.021656 0.011303,0.021331
0.011303,0.021331 0.011383,0.020539
0.011383,0.020539 0.011463,0.021204
0.011463,0.021204 0.011543,0.021793
0.011543,0.021793 0.011623,0.022286
0.011623,0.022286 0.011703,0.021858
0.011703,0.021858 0.011784,0.021604
0.011784,0.021604 0.011864,0.021958
0.011864,0.021958 0.011944,0.022379
0.011944,0.022379 0.012024,0.023141
0.012024,0.023141 0.012104,0.023782
0.012104,0.023782 0.012184,0.023720
0.012184,0.023720 0.012265,0.023662
0.012265,0.023662 0.012345,0.023463
0.012345,0.023463 0.012425,0.023421
0.012425,0.023421 0.012505,0.024404
0.012505,0.024404 0.012585,0.024494
0.012585,0.024494 0.012665,0.024051
0.012665,0.024051 0.012745,0.023841
0.012745,0.023841 0.012826,0.022856
0.012826,0.022856 0.012906,0.022889
0.012906,0.022889 0.012986,0.023049
0.012986,0.023049 0.013066,0.022811
0.013066,0.022811 0.013146,0.022987
0.013146,0.022987 0.013226,0.022268
0.013226,0.022268 0.013307,0.021640
0.013307,0.021640 0.013387,0.021494
0.013387,0.021494 0.013467,0.021218
0.013467,0.021218 0.013547,0.021513
0.013547,0.021513 0.013627,0.021679
0.013627,0.021679 0.013707,0.021474
0.013707,0.021474 0.013788,0.021209
0.013788,0.021209 0.013868,0.021125
0.013868,0.021125 0.013948,0.021430
0.013948,0.021430 0.014028,0.022146
0.014028,0.022146 0.014108,0.022419
0.014108,0.022419 0.014188,0.022663
0.014188,0.022663 0.014269,0.021909
0.014269,0.021909 0.014349,0.022154
0.014349,0.022154 0.014429,0.021764
0.014429,0.021764 0.014509,0.021796
0.014509,0.021796 0.014589,0.021963
0.014589,0.021963 0.014669,0.022001
0.014669,0.022001 0.014749,0.021137
0.014749,0.021137 0.014830,0.020552
0.014830,0.020552 0.014910,0.020091
0.014910,0.020091 0.014990,0.019973
0.014990,0.019973 0.015070,0.019866
0.015070,0.019866 0.015150,0.019434
0.015150,0.019434 0.015230,0.018937
0.015230,0.018937 0.015311,0.018416
0.015311,0.018416 0.015391,0.017882
0.015391,0.017882 0.015471,0.017702
0.015471,0.017702 0.015551,0.018329
0.015551,0.018329 0.015631,0.018500
0.015631,0.018500 0.015711,0.017972
0.015711,0.017972 0.015792,0.017741
0.015792,0.017741 0.015872,0.017558
0.015872,0.017558 0.015952,0.017648
0.015952,0.017648 0.016032,0.018556
0.016032,0.018556 0.016112,0.019021
0.016112,0.019021 0.016192,0.019073
0.016192,0.019073 0.016273,0.018675
0.016273,0.018675 0.016353,0.017885
0.016353,0.017885 0.016433,0.018066
0.016433,0.018066 0.016513,0.018742
0.016513,0.018742 0.016593,0.018995
0.016593,0.018995 0.016673,0.018765
0.016673,0.018765 0.016754,0.018772
0.016754,0.018772 0.016834,0.017438
0.016834,0.017438 0.016914,0.017254
0.016914,0.017254 0.016994,0.017322
0.016994,0.017322 0.017074,0.017408
0.017074,0.017408 0.017154,0.017008
0.017154,0.017008 0.017234,0.016619
0.017234,0.016619 0.017315,0.015668
0.017315,0.015668 0.017395,0.015529
0.017395,0.015529 0.017475,0.015752
0.017475,0.015752 0.017555,0.016352
0.017555,0.016352 0.017635,0.017059
0.017635,0.017059 0.017715,0.016085
0.017715,0.016085 0.017796,0.016319
0.017796,0.016319 0.017876,0.015880
0.017876,0.015880 0.017956,0.016627
0.017956,0.016627 0.018036,0.017718
0.018036,0.017718 0.018116,0.018089
0.018116,0.018089 0.018196,0.017958
0.018196,0.017958 0.018277,0.017807
0.018277,0.017807 0.018357,0.017974
0.018357,0.017974 0.018437,0.017983
0.018437,0.017983 0.018517,0.018740
0.018517,0.018740 0.018597,0.019118
0.018597,0.019118 0.018677,0.018898
0.018677,0.018898 0.018758,0.018961
0.018758,0.018961 0.018838,0.018168
0.018838,0.018168 0.018918,0.017535
0.018918,0.017535 0.018998,0.018265
0.018998,0.018265 0.019078,0.018398
0.019078,0.018398 0.019158,0.018637
0.019158,0.018637 0.019238,0.017851
0.019238,0.017851 0.019319,0.017510
0.019319,0.017510 0.019399,0.017567
0.019399,0.017567 0.019479,0.018080
0.019479,0.018080 0.019559,0.018295
0.019559,0.018295 0.019639,0.018845
0.019639,0.018845 0.019719,0.018795
0.019719,0.018795 0.019800,0.018612
0.019800,0.018612 0.019880,0.019259
0.019880,0.019259 0.019960,0.019639
0.019960,0.019639 0.020040,0.020190
0.020040,0.020190 0.020120,0.021278
0.020120,0.021278 0.020200,0.021682
0.020200,0.021682 0.020281,0.021317
0.020281,0.021317 0.020361,0.020784
0.020361,0.020784 0.020441,0.021368
0.020441,0.021368 0.020521,0.022347
0.020521,0.022347 0.020601,0.022393
0.020601,0.022393 0.020681,0.022556
0.020681,0.022556 0.020762,0.022145
0.020762,0.022145 0.020842,0.021349
0.020842,0.021349 0.020922,0.021457
0.020922,0.021457 0.021002,0.021124
0.021002,0.021124 0.021082,0.021855
0.021082,0.021855 0.021162,0.021909
0.021162,0.021909 0.021242,0.021219
0.021242,0.021219 0.021323,0.021298
0.021323,0.021298 0.021403,0.020605
0.021403,0.020605 0.021483,0.021215
0.021483,0.021215 0.021563,0.021897
0.021563,0.021897 0.021643,0.022450
0.021643,0.022450 0.021723,0.021763
0.021723,0.021763 0.021804,0.022060
0.021804,0.022060 0.021884,0.021926
0.021884,0.021926 0.021964,0.022303
0.021964,0.022303 0.022044,0.023371
0.022044,0.023371 0.022124,0.023837
0.022124,0.023837 0.022204,0.023698
0.022204,0.023698 0.022285,0.023556
0.022285,0.023556 0.022365,0.023327
0.022365,0.023327 0.022445,0.023687
0.022445,0.023687 0.022525,0.024284
0.022525,0.024284 0.022605,0.024741
0.022605,0.024741 0.022685,0.023930
0.022685,0.023930 0.022766,0.023960
0.022766,0.023960 0.022846,0.022539
0.022846,0.022539 0.022926,0.022692
0.022926,0.022692 0.023006,0.022986
0.023006,0.022986 0.023086,0.023029
0.023086,0.023029 0.023166,0.022551
0.023166,0.022551 0.023246,0.021957
0.023246,0.021957 0.023327,0.021240
0.023327,0.021240 0.023407,0.020990
0.023407,0.020990 0.023487,0.021531
0.023487,0.021531 0.023567,0.021818
0.023567,0.021818 0.023647,0.021701
0.023647,0.021701 0.023727,0.021715
0.023727,0.021715 0.023808,0.021205
0.023808,0.021205 0.023888,0.021254
0.023888,0.021254 0.023968,0.021641
0.023968,0.021641 0.024048,0.021958
0.024048,0.021958 0.024128,0.022342
0.024128,0.022342 0.024208,0.022439
0.024208,0.022439 0.024289,0.021973
0.024289,0.021973 0.024369,0.021572
0.024369,0.021572 0.024449,0.021729
0.024449,0.021729 0.024529,0.022305
0.024529,0.022305 0.024609,0.022043
0.024609,0.022043 0.024689,0.021865
0.024689,0.021865 0.024770,0.020933
0.024770,0.020933 0.024850,0.020219
0.024850,0.020219 0.024930,0.020185
0.024930,0.020185 0.025010,0.020178
0.025010,0.020178 0.025090,0.020166
0.025090,0.020166 0.025170,0.019852
0.025170,0.019852 0.025251,0.018823
0.025251,0.018823 0.025331,0.018231
0.025331,0.018231 0.025411,0.017761
0.025411,0.017761 0.025491,0.018098
0.025491,0.018098 0.025571,0.018335
0.025571,0.018335 0.025651,0.018409
0.025651,0.018409 0.025731,0.018157
0.025731,0.018157 0.025812,0.017464
0.025812,0.017464 0.025892,0.018002
0.025892,0.018002 0.025972,0.017818
0.025972,0.017818 0.026052,0.018383
0.026052,0.018383 0.026132,0.019174
0.026132,0.019174 0.026212,0.018934
0.026212,0.018934 0.026293,0.018488
0.026293,0.018488 0.026373,0.018269
0.026373,0.018269 0.026453,0.018334
0.026453,0.018334 0.026533,0.018554
0.026533,0.018554 0.026613,0.018901
0.026613,0.018901 0.026693,0.018389
0.026693,0.018389 0.026774,0.018009
0.026774,0.018009 0.026854,0.017176
0.026854,0.017176 0.026934,0.016860
0.026934,0.016860 0.027014,0.017118
0.027014,0.017118 0.027094,0.017351
0.027094,0.017351 0.027174,0.016836
0.027174,0.016836 0.027255,0.016126
0.027255,0.016126 0.027335,0.015760
0.027335,0.015760 0.027415,0.015650
0.027415,0.015650 0.027495,0.015867
0.027495,0.015867 0.027575,0.016342
0.027575,0.016342 0.027655,0.016642
0.027655,0.016642 0.027735,0.016095
0.027735,0.016095 0.027816,0.015863
0.027816,0.015863 0.027896,0.016144
0.027896,0.016144 0.027976,0.016866
0.027976,0.016866 0.028056,0.017743
0.028056,0.017743 0.028136,0.018442
0.028136,0.018442 0.028216,0.018304
0.028216,0.018304 0.028297,0.017862
0.028297,0.017862 0.028377,0.017866
0.028377,0.017866 0.028457,0.018059
0.028457,0.018059 0.028537,0.018829
0.028537,0.018829 0.028617,0.019082
0.028617,0.019082 0.028697,0.018995
0.028697,0.018995 0.028778,0.018224
0.028778,0.018224 0.028858,0.018075
0.028858,0.018075 0.028938,0.018292
0.028938,0.018292 0.029018,0.018298
0.029018,0.018298 0.029098,0.018638
0.029098,0.018638 0.029178,0.018517
0.029178,0.018517 0.029259,0.017793
0.029259,0.017793 0.029339,0.017511
0.029339,0.017511 0.029419,0.017538
0.029419,0.017538 0.029499,0.018084
0.029499,0.018084 0.029579,0.018511
0.029579,0.018511 0.029659,0.018945
0.029659,0.018945 0.029739,0.018947
0.029739,0.018947 0.029820,0.019030
0.029820,0.019030 0.029900,0.019218
0.029900,0.019218 0.029980,0.020205
0.029980,0.020205 0.030060,0.020490
0.030060,0.020490 0.030140,0.021356
0.030140,0.021356 0.030220,0.021271
0.030220,0.021271 0.030301,0.021514
0.030301,0.021514 0.030381,0.020981
0.030381,0.020981 0.030461,0.021445
0.030461,0.021445 0.030541,0.022119
0.030541,0.022119 0.030621,0.022144
0.030621,0.022144 0.030701,0.022268
0.030701,0.022268 0.030782,0.021703
0.030782,0.021703 0.030862,0.021504
0.030862,0.021504 0.030942,0.021590
0.030942,0.021590 0.031022,0.022240
0.031022,0.022240 0.031102,0.022270
0.031102,0.022270 0.031182,0.021747
0.031182,0.021747 0.031263,0.021146
0.031263,0.021146 0.031343,0.021000
0.031343,0.021000 0.031423,0.020692
0.031423,0.020692 0.031503,0.021816
0.031503,0.021816 0.031583,0.022218
0.031583,0.022218 0.031663,0.022073
0.031663,0.022073 0.031743,0.021644
0.031743,0.021644 0.031824,0.022078
0.031824,0.022078 0.031904,0.022004
0.031904,0.022004 0.031984,0.022941
0.031984,0.022941 0.032064,0.023130
0.032064,0.023130 0.032144,0.023729
0.032144,0.023729 0.032224,0.023762
0.032224,0.023762 0.032305,0.023487
0.032305,0.023487 0.032385,0.023341
0.032385,0.023341 0.032465,0.023904
0.032465,0.023904 0.032545,0.024044
0.032545,0.024044 0.032625,0.024386
0.032625,0.024386 0.032705,0.024064
0.032705,0.024064 0.032786,0.023462
0.032786,0.023462 0.032866,0.022976
0.032866,0.022976 0.032946,0.022513
0.032946,0.022513 0.033026,0.022610
0.033026,0.022610 0.033106,0.023199
0.033106,0.023199 0.033186,0.022598
0.033186,0.022598 0.033267,0.021663
0.033267,0.021663 0.033347,0.021541
0.033347,0.021541 0.033427,0.021157
0.033427,0.021157 0.033507,0.021699
0.033507,0.021699 0.033587,0.021822
0.033587,0.021822 0.033667,0.022207
0.033667,0.022207 0.033747,0.021779
0.033747,0.021779 0.033828,0.021036
0.033828,0.021036 0.033908,0.021352
0.033908,0.021352 0.033988,0.021798
0.033988,0.021798 0.034068,0.022522
0.034068,0.022522 0.034148,0.022265
0.034148,0.022265 0.034228,0.022327
0.034228,0.022327 0.034309,0.021963
0.034309,0.021963 0.034389,0.021219
0.034389,0.021219 0.034469,0.021551
0.034469,0.021551 0.034549,0.021708
0.034549,0.021708 0.034629,0.022057
0.034629,0.022057 0.034709,0.021724
0.034709,0.021724 0.034790,0.021071
0.034790,0.021071 0.034870,0.020159
0.034870,0.020159 0.034950,0.020282
0.034950,0.020282 0.035030,0.019757
0.035030,0.019757 0.035110,0.019604
0.035110,0.019604 0.035190,0.019408
0.035190,0.019408 0.035271,0.018690
0.035271,0.018690 0.035351,0.017969
0.035351,0.017969 0.035431,0.017426
0.035431,0.017426 0.035511,0.018105
0.035511,0.018105 0.035591,0.018146
0.035591,0.018146 0.035671,0.018465
0.035671,0.018465 0.035752,0.017996
0.035752,0.017996 0.035832,0.017383
0.035832,0.017383 0.035912,0.017550
0.035912,0.017550 0.035992,0.017962
0.035992,0.017962 0.036072,0.018734
0.036072,0.018734 0.036152,0.019135
0.036152,0.019135 0.036232,0.018481
0.036232,0.018481 0.036313,0.018375
0.036313,0.018375 0.036393,0.018047
0.036393,0.018047 0.036473,0.018274
0.036473,0.018274 0.036553,0.018790
0.036553,0.018790 0.036633,0.018638
0.036633,0.018638 0.036713,0.018254
0.036713,0.018254 0.036794,0.017395
0.036794,0.017395 0.036874,0.017509
0.036874,0.017509 0.036954,0.017053
0.036954,0.017053 0.037034,0.017088
0.037034,0.017088 0.037114,0.017275
0.037114,0.017275 0.037194,0.016781
0.037194,0.016781 0.037275,0.016075
0.037275,0.016075 0.037355,0.015754
0.037355,0.015754 0.037435,0.015810
0.037435,0.015810 0.037515,0.015989
0.037515,0.015989 0.037595,0.016400
0.037595,0.016400 0.037675,0.016514
0.037675,0.016514 0.037756,0.015849
0.037756,0.015849 0.037836,0.015830
0.037836,0.015830 0.037916,0.016678
0.037916,0.016678 0.037996,0.017436
0.037996,0.017436 0.038076,0.017790
0.038076,0.017790 0.038156,0.018300
0.038156,0.018300 0.038236,0.018139
0.038236,0.018139 0.038317,0.018469
0.038317,0.018469 0.038397,0.018154
0.038397,0.018154 0.038477,0.018377
0.038477,0.018377 0.038557,0.018759
0.038557,0.018759 0.038637,0.018815
0.038637,0.018815 0.038717,0.018851
0.038717,0.018851 0.038798,0.018104
0.038798,0.018104 0.038878,0.017646
0.038878,0.017646 0.038958,0.017923
0.038958,0.017923 0.039038,0.018190
0.039038,0.018190 0.039118,0.018894
0.039118,0.018894 0.039198,0.018447
0.039198,0.018447 0.039279,0.017741
0.039279,0.017741 0.039359,0.017727
0.039359,0.017727 0.039439,0.017651
0.039439,0.017651 0.039519,0.018055
0.039519,0.018055 0.039599,0.019079
0.039599,0.019079 0.039679,0.019050
0.039679,0.019050 0.039760,0.018596
0.039760,0.018596 0.039840,0.018726
0.039840,0.018726 0.039920,0.019002
0.039920,0.019002 0.040000,0.019723
